52
14
5
1
4
3
3
2
2
2
2
2
0
1
0
4
0
3
0
1
0
4
0
1
1
0
4
0
3
0
1
0
4
0
1
1
0
4
0
3
0
1
0
4
0
1
2
2
2
3
2
2
1
4
3
6
7
8
16
18
20
0 10
1 12
2 14
10 21 32
6 9 11
10 12
7 11 13
12 14
8 13 15
14 16
3 15 17
16 18
4 17 19
18 20
5 19
9 22
21 23
22 24
23 25
24 26
25 27
26 28
27 29
28 30
29 31
30
9 33 43
32 34
33 35 44
34 36
35 37 45
36 38
37 39 46
38 40
39 41 47
40 42
41 48
32 49
34 50
36 51
38
40
42
43
44
45
